numOnt <- 34
ont_ki <- 
c(0.678324063611803, 0.650423215540975, 0.458326816656256,
0.397272543510692, 0.354594405471043, 0.380410878382068,
0.284664126715499, 0.291094647420845, 0.248674233888798,
0.285208111184103, 0.182718917600821, 0.195608445043803,
0.193557113316392, 0.154440916399743, 0.125041538935258,
0.0823879364579719, 0.109654826821917, 0.0813260071652561,
0.072577558916262, 0.0701939058244097, 0.0428173905801171,
0.0523785494983491, 0.051682952562647, 0.0321963874555213,
0.0355469495836958, 0.023676888819423, 0.071813902627472,
0.0294794571522581, 0.0369251878021916, 0.0377251362683117,
0.0367743833742154, 0.0375636336576768, 0.0698684439654334,
0.0742680880142062)
ont_counts <- 
c(2098548.94310075, 1559570.03861852, 2125339.75678828,
3449570.34939558, 3611721.41129289, 3261380.95288818, 5449252.84007716,
5477138.3949942, 5175178.02888387, 5719887.01785081, 12140526.689148,
13313551.0979336, 12290734.072921, 12319416.9481558, 20369886.0340935,
20598820.3982903, 21337857.0391481, 21690489.87967, 22954214.0165175,
22648494.6464961, 23291773.367392, 23681466.8577185, 24089499.4757159,
22974436.5451514, 23339322.1168624, 22687788.287659, 23399746.0351502,
20303651.4316103, 16401965.0018074, 16401413.2448167, 15421180.2159833,
13434720.9511655, 12890967.3439324, 13382609.9631239)
numChi <- 111
chi_counts <- 
c(23497056.3415145, 22872883.7738562, 22774181.8968844,
22261986.819212, 21002218.9073467, 21208449.0442592, 20794523.5048542,
20708951.3122872, 20106568.1458333, 20102198.870745, 19459686.6036795,
19776556.438607, 19700010.0113533, 18876808.0826666, 19403294.522856,
19318168.588985, 18989138.9927863, 19138725.4284878, 18906322.6035846,
18776638.8862335, 18944099.5168795, 18679201.0080111, 19400196.7714659,
18892959.4432028, 18670212.0169401, 17550104.613955, 17364102.5443809,
17299128.7514524, 17329900.3739084, 17572668.9903682, 17355223.5859775,
17568920.9153635, 16911746.9627807, 17534047.1894654, 17141366.1575056,
16197292.0286371, 16299795.4607618, 15976741.4677282, 15842925.3309708,
15393213.7543642, 15573392.9694028, 15462020.4789348, 15416420.3901559,
15754395.6758428, 15488694.5776229, 15423057.8270695, 15256053.2058286,
15574140.4976398, 15338616.5056562, 14895692.1290826, 15608078.0705569,
14890039.4245783, 14996118.125394, 14630055.4702062, 14471309.7656942,
14573471.1572079, 14556032.5240326, 14030213.2098831, 13963498.5164241,
14631441.7774547, 14715224.7628807, 13662022.9830567, 14415083.1901683,
14398996.4377423, 14317429.0330707, 13973277.195094, 14212389.1330915,
13662763.919197, 13171132.7344297, 12834229.4463617, 12828508.3874579,
13250187.1879385, 12892698.6656806, 13292303.7573825, 12939265.7758399,
12352065.5804973, 12627517.44356, 12134793.570905, 12799860.0737352,
12925975.9294248, 12577457.8313635, 12865917.6351569, 12629290.1529936,
12933793.5682882, 12734102.9716563, 12346596.5326248, 12697105.3956742,
12451705.4545417, 13093113.0758956, 12764752.921671, 13555884.8227196,
12538327.6372477, 12315263.9024784, 12405970.1279953, 12735904.8247067,
12521120.7954362, 12393048.1405587, 12545689.9077937, 11968177.2087165,
12283796.0278679, 12800680.6247665, 12722072.6967949, 12326121.8916717,
11916174.5946935, 12440374.6216834, 12300017.4190488, 12646107.9353015,
12443440.9499199, 12071505.3107131, 11887463.1617741, 12620847.8270632)
N_donor_fraction <- 
c(0.377405589444985, 0.331806059054649,
0.48759950928555, 0.469179024736291, 0.327410303184698,
0.601682346528871, 0.368273399918487, 0.584095716919776,
0.363601060656786, 0.434194683410967, 0.656278093239316,
0.627551628872787, 0.637760826907819, 0.632711592376007,
0.496795470550577, 0.493816008960967, 0.478307054883827,
0.561532654960809, 0.622840127965516, 0.636707858505876,
0.624070495143335, 0.645160012611871, 0.638528001497601,
0.619137104397965, 0.619656591673791, 0.737343941438838,
0.774520615520934, 0.64564078281244, 0.665286646172257,
0.624977009882802, 0.659927096744085, 0.658610447606614,
0.655766000333134, 0.671238336899165, 0.742483083648171,
0.782708361396007, 0.833968196692982, 0.608723481672595,
0.821015202126935, 0.786595594934906, 0.806623926346262,
0.790394341695906, 0.820323244257516, 0.807733186501461,
0.795936859550936, 0.807652105361043, 0.809917971588499,
0.792552990549037, 0.811881134446642, 0.601232915317506,
0.792109506367956, 0.889954058172875, 0.877212739393211,
0.871373769238415, 0.869160411492613, 0.880316076397449,
0.926144294149579, 0.928877349751704, 0.795264061179098,
0.899802114313421, 0.597898504466028, 0.740711944336503,
0.807181983684474, 0.884712898586532, 0.87764154073938,
0.883094044551073, 0.879485764937987, 0.623856587714342,
0.890479450750013, 0.871586555879101, 0.794427610711102,
0.952707291440052, 0.949993958199651, 0.905057015057124,
0.94132951176056, 0.880248140627791, 0.939763441880211,
0.958339564553221, 0.959496608811896, 0.971474775926298,
0.958866543540329, 0.95757580680663, 0.95318870201033,
0.969629926892673, 0.977695675795728, 0.976481471900617,
0.977904538972663, 0.948871401038926, 0.961510717360846,
0.951021127256571, 0.924386834388077, 0.953114308012474,
0.947344851635034, 0.954901426229863, 0.961919427087486,
0.97366672273399, 0.944788729335488, 0.927004213812906,
0.97239353196772, 0.957920440834355, 0.956484386570795,
0.934597575724636, 0.952063756437867, 0.965827142439741,
0.936828047282446, 0.943942250899058, 0.968551437033581,
0.897552875787481, 0.957020024099771, 0.944448903774723,
0.923853013524798)
donor_ki <- 
c(0.0921434669306487, 0.08723154682701,
0.0634150929070413, 0.061978578686049, 0.076522955622771,
0.0463190486635362, 0.0800883152413064, 0.058314675593897,
0.0689409232722446, 0.0515788388849824, 0.0538447091606703,
0.0440520057803489, 0.0260355109735117, 0.0548391420259157,
0.0573404944617628, 0.0427404002035948, 0.0334084365262228,
0.0455231531263923, 0.034095150488759, 0.0737784725470007,
0.0297873690412595, 0.0751926078968974, 0.0649377915624524,
0.0657901751335405, 0.0382431076578654, 0.0190480802215577,
0.0456052546300603, 0.0394712495687315, 0.0627484549920248,
0.0523199974664671, 0.041605186982519, 0.0497394737434814,
0.0236230159438827, 0.0417652296819529, 0.0348918712571607,
0.0543070774384986, 0.0471372198109331, 0.0344797159743248,
0.0594005284831001, 0.0492076983573608, 0.0510135999558558,
0.036823424533478, 0.0312586845671062, 0.042147922847138,
0.0562092460530861, 0.0406294677169134, 0.0354044305655185,
0.0452107403378121, 0.0469157951301919, 0.061927812584124,
0.0621872526850836, 0.0548330399239597, 0.0275580031776599,
0.0384852853179142, 0.0469066359042185, 0.0426903125292939,
0.0341025546889725, 0.0480188144744165, 0.0381137072793509,
0.0591896390026306, 0.0427980335472619, 0.0377365001753504,
0.0649999265192579, 0.0388612873233792, 0.0458837384967633,
0.0319310064243929, 0.0422074946057694, 0.0581358801126221,
0.0426978036824421, 0.0459526482558744, 0.0478891981787568,
0.037952863633823, 0.0546861116567764, 0.0269517741246233,
0.0288597660884581, 0.0451502181610813, 0.0259655426604617,
0.0104132889227997, 0.0379675921284148, 0.0162603388964855,
0.0262466083587617, 0.0388374254930129, 0.0450546145296492,
0.0385592727860741, 0.0270646095220601, 0.034024875945636,
0.0531995313161541, 0.0511239613069478, 0.0531011003361531,
0.0469507063910039, 0.0577301266703026, 0.0236598122219255,
0.0481895469662113, 0.0407062272666518, 0.0402113229105848,
0.0465187686753743, 0.0394747163851848, 0.0348916466605168,
0.0259212026847671, 0.0485331524149553, 0.0390538147413273,
0.0420843674402889, 0.0367844478669941, 0.0422980227519943,
0.0352428894459714, 0.0326827640015206, 0.040995594226882,
0.0550676371463854, 0.0319321297470219, 0.0437482391463451,
0.0102917775656596)
