numOnt <- 0
ont_ki <- 
c(0.425, 0.976, 0.512, 0.216, 0.228, 0.151, 0.323,
0.112, 0.0891, 0.393, 0.139, 0.172, 0.174, 0.212, 0.126, 0.162,
0.109, 0.114, 0.153, 0.168, 0.0934, 0.0919, 0.0599, 0.0997,
0.106, 0.0899, 0.0233, 0.0703, 0.043, 0.0444, 0.0319, 0.0387,
0.0351, 0.0328)
ont_counts <- 
c(1502051.28205128, 533303.75, 883167.955271565,
1169459.01639344, 1681949.15254237, 1021991.63179916,
1247504.62107209, 3870204.08163265, 6946264.65661642,
7163394.49541284, 7747407.3364486, 6929200, 7726112.02635914,
9733333.33333333, 9258707.65370138, 7783692.94605809,
15027513.8121547, 13133000, 9121546.96132597, 11690386.7403315,
5587802.01342282, 4975631.69164882, 6704146.78899083,
8148970.58823529, 14443605.9479554, 7748000, 8788930.09985735,
9475611.11111111, 7700000, 5744055.11811024, 7391736.95049505,
3573712.1625, 4476718.30985915, 4418380.97087379)
numChi <- 166
chi_counts <- 
c(22957000, 15200000, 26990000, 26800000,
27900000, 23370500, 13730500, 24740000, 35859000, 62240200,
43504780, 37163000, 22590000, 17102540, 15590061.2, 14340353.7,
22554800, 25280000, 47790000, 48550000, 36520000, 31050000,
15815000, 16191897, 35770000, 26130000, 18609000, 23550000,
24080000, 19540000, 14700000, 25340000, 19400000, 1.4e+07,
19710000, 20590000, 15180000, 17760000, 17540000, 24960000,
17010000, 29550000, 24160000, 32520000, 30562000, 20150000,
24190000, 22890000, 18800000, 20550000, 19130000, 22740000,
16560000, 25920000, 22320000, 28990000, 18390000, 31610000,
25300000, 29940000, 20500000, 47070000, 11180000, 29080000,
13720000, 11770000, 17240000, 16730000, 38220000, 45170000,
33060000, 21130000, 12280000, 22200000, 25420000, 14217000,
12400000, 16400000, 26110000, 17930000, 11930000, 13990000,
13720000, 13250000, 10050000, 13074000, 16950000, 9746000,
9636000, 18180000, 38507430, 30700996, 27080000, 46430000,
21400000, 14986000, 9960000, 13660000, 46530000, 14380000,
17270000, 16610000, 17224000, 21970000, 23102000, 11304000,
16170000, 9221000, 6648000, 13360000, 10330000, 14190000,
13350000, 26340000, 8260000, 9210000, 9803000, 9342000, 6760000,
8200000, 12344000, 13864000, 13724000, 14650000, 11975000,
12500000, 9046000, 7672000, 9853000, 11850000, 18029000,
11400000, 12050000, 8520000, 14990000, 9210000, 6824000, 7677000,
8202000, 13097000, 18055000, 13443000, 7812000, 14693000,
9020000, 8090000, 10738000, 13820000, 14170000, 14037000,
12029000, 10620000, 6824000, 3468000, 7294000, 8029000, 7624000,
6085000, 7460000, 4551000, 9214000, 2670000, 5223000, 4793000,
6123380, 2540000)
N_donor_fraction <- 
c(0.011101114, 0, 0, 0, 0, 0.004020125,
0.006248951, 0.366278275, 0.048718744, 0.04653001, 0.034746242,
0.076082541, 0.388951541, 0.578503904, 0.018777052, 0.084620134,
0.00797045, 0.551350599, 0.282843181, 0.151071551, 0.21653021,
0.281702899, 0.10553847, 0.777423216, 0.479148237, 0.593812637,
0.09264038, 0.33579893, 0.583224741, 0.487392016, 0.642785074,
0.56617607, 0.397125394, 0.359161491, 0.569153709, 0.681616125,
0.610635889, 0.676012642, 0.454284228, 0.531663922, 0.777476464,
0.430453061, 0.513357008, 0.541674705, 0.634191021, 0.565207435,
0.610532156, 0.52943969, 0.545941297, 0.466666877, 0.511246499,
0.742307891, 0.776738196, 0.551188689, 0.728354615, 0.710165796,
0.596607994, 0.664068763, 0.667498122, 0.567124133, 0.654183705,
0.604669289, 0.560436501, 0.561501846, 0.783140399, 0.79843269,
0.896572007, 0.708220527, 0.647323545, 0.774261782, 0.760803809,
0.765800275, 0.832173788, 0.87359005, 0.858421171, 0.957342701,
0.911113257, 0.888967539, 0.838852662, 0.845363027, 0.925783258,
0.964338448, 0.904620181, 0.602375718, 0.776293532, 0.858374144,
0.792062511, 0.840864886, 0.851370155, 0.778077808, 0.096667838,
0.060273872, 0.725658373, 0.839974155, 0.860103019, 0.931413529,
0.829848887, 0.7508371, 0.848955144, 0.794496792, 0.901615912,
0.83686435, 0.863954397, 0.694407933, 0.922610671, 0.929375578,
0.803507196, 0.947720459, 0.962160717, 0.649794162, 0.935140368,
0.937660783, 0.723254575, 0.784993297, 0.83205555, 0.933275796,
0.927915944, 0.865129171, 0.918030901, 0.984853659, 0.933660024,
0.964675758, 0.954789458, 0.853661628, 0.948269889, 0.936847059,
0.914679995, 0.802677482, 0.888928469, 0.916347713, 0.959452994,
0.918568732, 0.95677103, 0.887156271, 0.978805129, 0.920222411,
0.966102422, 0.932077056, 0.92499693, 0.951634574, 0.921817216,
0.916238935, 0.968821093, 0.926801878, 0.931382219, 1.025100948,
0.890459117, 0.879525981, 0.916052489, 1.014951684, 0.963313437,
0.842682417, 1.030380953, 0.777661643, 0.839817112, 0.814991008,
0.858301466, 0.931114938, 0.916346335, 0.927819339, 0.936910656,
0.754103566, 0.736809332, 0.949409123, 0.732533436, 1.001444711)
donor_ki <- 
c(0.00943289719626168, 0.00998844011142061, 0.00952,
0.0112639004149378, 0.00998182831661092, 0.0140042735042735,
0.00971265306122449, 0.00917272727272727, 0.014359872611465,
0.00914222222222222, 0.0192237275449102, 0.0214466498103666,
0.0158426035502959, 0.0160959654178674, 0.0168810810810811,
0.0146850622406639, 0.0157534612176814, 0.0137098269896194,
0.0207716098334655, 0.0176588888888889, 0.0134382003395586,
0.0155976266837717, 0.023046566436408, 0.0335156965216514,
0.0372950016851081, 0.0407911728166112, 0.0203505136486746,
0.0168704102687536, 0.0201328546875967, 0.0265123297985568,
0.027001461716719, 0.0517524946705988, 0.0312934496614131,
0.0308291884027898, 0.0375877404615398, 0.036513684271359,
0.0325908562088816, 0.0184947514097746, 0.0204970982245705,
0.0184067178757431, 0.0266189745243095, 0.0347589771256953,
0.291533547159259, 0.102982155187268, 0.0622004442625826,
0.111021101000281, 0.0424036491325386, 0.03816522343418,
0.034806017101095, 0.0138272619536388, 0.0146044271990516,
0.0172454879559109, 0.0151068709382137, 0.0174830614227261,
0.0122557574948252, 0.0161493225742858, 0.0168165979622183,
0.0164618088204897, 0.0154259217905439, 0.0165429403606394,
0.0124347414739932, 0.0128981853351505, 0.0162693733821195,
0.0195027360367902, 0.0195843313840427, 0.0149342388379051,
0.0217785956343894, 0.0214569727959138, 0.0167572871467224,
0.0183511532338392, 0.019757407477823, 0.0190859274621483,
0.0161928161317658, 0.0177288039597728, 0.0241916964308244,
0.0159174365667063, 0.0215116662823885, 0.0321894269276481,
0.0243793314641394, 0.0256457345707996, 0.0226350327250687,
0.0198620477117035, 0.0212457050627401, 0.0195377053636698,
0.0252754452563477, 0.0241220915356962, 0.0226089561505079,
0.041464093036976, 0.0423985453228734, 0.0403957699900884,
0.0190788006456308, 0.0228126356219618, 0.0189837260679001,
0.025911775046052, 0.0178574701041164, 0.0218825178000025,
0.0180634921918034, 0.264632006243226, 0.283241864984432,
0.283241864984432, 0.232865455711031, 0.0359493758877414,
0.0341938655143749, 0.0584638434364653, 0.0583620458907529,
0.0344695061437998, 0.0344695061437998, 0.0483418957567946,
0.0199, 0.0156358821778981, 0.0139335746213956,
0.0115114958389983)
