numOnt <- 0
ont_ki <- 
c(0.425, 0.976, 0.512, 0.216, 0.228, 0.151, 0.323,
0.112, 0.0891, 0.393, 0.139, 0.172, 0.174, 0.212, 0.126, 0.162,
0.109, 0.114, 0.153, 0.168, 0.0934, 0.0919, 0.0599, 0.0997, 0.106,
0.0899, 0.0233, 0.0703, 0.043, 0.0444, 0.0319, 0.0387, 0.0351,
0.0328)
ont_counts <- 
c(1502051.28205128, 533303.75, 883167.955271565,
1169459.01639344, 1681949.15254237, 1021991.63179916,
1247504.62107209, 3870204.08163265, 6946264.65661642,
7163394.49541284, 7747407.3364486, 6929200, 7726112.02635914,
9733333.33333333, 9258707.65370138, 7783692.94605809,
15027513.8121547, 13133000, 9121546.96132597, 11690386.7403315,
5587802.01342282, 4975631.69164882, 6704146.78899083,
8148970.58823529, 14443605.9479554, 7748000, 8788930.09985735,
9475611.11111111, 7700000, 5744055.11811024, 7391736.95049505,
3573712.1625, 4476718.30985915, 4418380.97087379)
numChi <- 112
chi_counts <- 
c(22970403.1937425, 23363821.39897,
24747331.2476676, 22593469.2475608, 14335009.5811417,
22570807.4703313, 25277838.1320484, 15821138.2479938,
16196358.7777778, 26133450.1659499, 18612414.1962617,
23548291.5992372, 24080000, 19540000, 14700000, 25340000,
19407023.025641, 13999621.7551434, 17532775.3341615,
24964794.7766827, 17010679.7135506, 20150000, 24190000, 22890000,
18800000, 20550000, 19134285.4365904, 22741601.7142857,
16551085.1041895, 25918645.7680251, 22322347.1208791,
29019604.1148325, 20500000, 47070000, 11180000, 29080000,
13720301.112664, 11773014.7776176, 17233084.3773359,
16728574.5122189, 12276903.1350693, 22209610.5563773,
25416380.2753575, 14216430.5477911, 12402195.1313485,
16407147.5085996, 26099747.4676967, 17932876.8462637,
11922417.899761, 13998182.3254889, 13720289.6763439,
13249880.4373866, 10045788.8278307, 13074000, 16950000, 9746000,
9636000, 18180000, 15817596.362069, 15413338.8838378,
21402512.7062706, 14988697.7271954, 9964911.45340803,
13651164.828283, 46496185.1643489, 14380000, 17270000, 16610000,
17224000, 21973645.9203297, 9217832.16825199, 6656497.03483433,
26314710.7266625, 8260076.90155745, 9195824.55548696,
8779121.32901807, 9800768.8493994, 9332552.74020228,
6762735.22763698, 8202896.33333333, 12347735.3761468,
13867557.0565635, 13729116.6934251, 14644271.2648515,
11964911.1664482, 12501938.6735699, 11848268.1351002,
17997034.318627, 11400683.6366575, 12055039.4117647,
8514300.82232012, 14991591.7947798, 9209845.60340337,
6820419.42579571, 7669761.39150728, 8197690.67902876,
13104088.8277263, 18034689.4221677, 13442423.4, 7816050.79130667,
14681141.1116427, 9016132.51356239, 8092915.19596732,
10745186.3482873, 13821122.1545455, 14165787.2073101,
14039349.8147546, 12023644.0914949, 10632182.0761763,
6820647.2818968, 3468000, 7627810.8187563)
N_donor_fraction <- 
c(0.0110889218033483, 0.0040240959813804,
0.366424246649069, 0.389232574731819, 0.084377949988638,
0.00796397272482222, 0.551179784910008, 0.105431029256308,
0.779133924586688, 0.593878263907158, 0.0925975516713865,
0.335854508951821, 0.583224740697981, 0.487392016376663,
0.64278507442581, 0.56617606952765, 0.3970886563411,
0.359358079118717, 0.454143101247907, 0.531664243724163,
0.777403440925026, 0.565207435462104, 0.610532156319013,
0.529439690470821, 0.545941297103307, 0.466666877323812,
0.51188754915834, 0.742615999160154, 0.776987621501895,
0.551512068724096, 0.728624935813553, 0.710885666970858,
0.654183705241308, 0.604669289133003, 0.560436500937647,
0.561501846087019, 0.782743774821777, 0.798784861729319,
0.896554123861077, 0.707976347226216, 0.831892119066526,
0.873234561147979, 0.858369396841448, 0.95745831483912,
0.911502730072595, 0.888719517056225, 0.838868327959004,
0.845268837026715, 0.92580707555537, 0.963910340497639,
0.904606754269044, 0.602340377515481, 0.776151153631466,
0.858374144228533, 0.792062510845046, 0.840864886352343,
0.851370155344687, 0.778077807780778, 0.887605995116923,
0.838789787428614, 0.860042491290216, 0.931771686658137,
0.83019621649506, 0.751093411405784, 0.848777666193988,
0.794496792374517, 0.901615912044444, 0.836864350026044,
0.863954396687252, 0.69441463947792, 0.94748837002031,
0.962394888436455, 0.785082398676835, 0.830393536115361,
0.932820115285106, 0.893941192965538, 0.928365336997367,
0.865196892305602, 0.918013818189283, 0.984617994683962,
0.933501976136772, 0.964942689525108, 0.954698460128455,
0.854308074566276, 0.948446307382966, 0.937869794928035,
0.915994646505321, 0.959473233193736, 0.918279107037705,
0.957573860213879, 0.887979588466453, 0.979214878007628,
0.920122640852324, 0.965968483581161, 0.931819857865677,
0.924818131592621, 0.951183856921986, 0.921707095720883,
0.916245552225765, 0.968743993245793, 0.926761331207387,
0.93174430647125, 1.02508689319707, 0.889699517664089,
0.879657765479274, 0.916605199704634, 1.01360179397676,
0.963436308041796, 0.842500022533026, 1.03023524866135,
0.777661643169665, 0.85856005881248)
donor_ki <- 
c(0.00943289719626168, 0.00998844011142061, 0.00952,
0.0112639004149378, 0.00998182831661092, 0.0140042735042735,
0.00971265306122449, 0.00917272727272727, 0.014359872611465,
0.00914222222222222, 0.0192237275449102, 0.0214466498103666,
0.0158426035502959, 0.0160959654178674, 0.0168810810810811,
0.0146850622406639, 0.0157534612176814, 0.0137098269896194,
0.0207716098334655, 0.0176588888888889, 0.0134382003395586,
0.0155976266837717, 0.023046566436408, 0.0335156965216514,
0.0372950016851081, 0.0407911728166112, 0.0203505136486746,
0.0168704102687536, 0.0201328546875967, 0.0265123297985568,
0.027001461716719, 0.0517524946705988, 0.0312934496614131,
0.0308291884027898, 0.0375877404615398, 0.036513684271359,
0.0325908562088816, 0.0184947514097746, 0.0204970982245705,
0.0184067178757431, 0.0266189745243095, 0.0347589771256953,
0.291533547159259, 0.102982155187268, 0.0622004442625826,
0.111021101000281, 0.0424036491325386, 0.03816522343418,
0.034806017101095, 0.0138272619536388, 0.0146044271990516,
0.0172454879559109, 0.0151068709382137, 0.0174830614227261,
0.0122557574948252, 0.0161493225742858, 0.0168165979622183,
0.0164618088204897, 0.0154259217905439, 0.0165429403606394,
0.0124347414739932, 0.0128981853351505, 0.0162693733821195,
0.0195027360367902, 0.0195843313840427, 0.0149342388379051,
0.0217785956343894, 0.0214569727959138, 0.0167572871467224,
0.0183511532338392, 0.019757407477823, 0.0190859274621483,
0.0161928161317658, 0.0177288039597728, 0.0241916964308244,
0.0159174365667063, 0.0215116662823885, 0.0321894269276481,
0.0243793314641394, 0.0256457345707996, 0.0226350327250687,
0.0198620477117035, 0.0212457050627401, 0.0195377053636698,
0.0252754452563477, 0.0241220915356962, 0.0226089561505079,
0.041464093036976, 0.0423985453228734, 0.0403957699900884,
0.0190788006456308, 0.0228126356219618, 0.0189837260679001,
0.025911775046052, 0.0178574701041164, 0.0218825178000025,
0.0180634921918034, 0.264632006243226, 0.283241864984432,
0.232865455711031, 0.0359493758877414, 0.0341938655143749,
0.0584638434364653, 0.0583620458907529, 0.0344695061437998,
0.0483418957567946, 0.0156358821778981, 0.0139335746213956,
0.0115114958389983, 0.0106223629742496, 0.0145146606272803,
0.01608450162601)
