numOnt <- 34
ont_ki <- 
c(0.582, 0.994, 0.779, 0.381, 0.374, 0.301, 0.584,
0.294, 0.263, 0.671, 0.293, 0.345, 0.351, 0.406, 0.218, 0.273,
0.176, 0.185, 0.262, 0.255, 0.153, 0.146, 0.0874, 0.143, 0.17,
0.112, 0.0351, 0.0973, 0.058, 0.0587, 0.0445, 0.0443, 0.0411,
0.0448)
ont_counts <- 
c(803076.923076923, 225793.75, 407773.162939297,
679729.549180328, 890000, 530563.949790795, 627069.205175601,
1919313.36734694, 3658783.36683417, 3012839.44954128,
4551748.03738318, 5054240, 4385090.60955519, 6002222.22222222,
7289661.22961104, 6008464.73029046, 11107292.8176796, 9707000,
6756680.66298342, 7225190.38674033, 5083097.31543624,
4848051.39186295, 6337513.76146789, 6842647.05882353,
11856691.4498141, 6820888.88888889, 9129586.30527817, 8393750,
8800000, 6857244.09448819, 8361267.32673267, 5161837.5,
7003183.09859155, 6673745.63106796)
ts_pred_ont <- 
c(5, 5.07581672545569, 5.15278308608315,
5.23091651419721, 5.31023470644492, 5.39075562781369,
5.47249751570022, 5.55547888404118, 5.63971852750643,
5.7252355257559, 5.81204924776098, 5.90017935619148,
5.98964581186902, 6.08046887828808, 6.17266912620549,
6.26626743829956, 6.36128501389986, 6.45774337378872,
6.55566436507549, 6.65507016614481, 6.7559832916798,
6.85842659776151, 6.96242328704561, 7.06799691401766,
7.17517139032802, 7.28397099020762, 7.39442035596598,
7.50654450357244, 7.6203688283221, 7.7359191105877,
7.85322152165867, 7.97230262966874, 8.0931894056134,
8.21590922945866, 8.34048989634242, 8.46695962286981,
8.59534705350412, 8.7256812670545, 8.85799178326214,
8.99230856948621, 9.12866204749133, 9.26708310033782,
9.40760307937651, 9.55025381134955, 9.695067605599,
9.84207726138462, 9.99131607531264, 10.1428178488773,
10.2966168961163, 10.4527480513834, 10.6112466772373,
10.7721486724514, 10.9354904801448, 11.1013090960361,
11.2696420768227, 11.4405275486872, 11.6140042159326,
11.7901113697487, 11.9688888971112, 12.1503772898156,
12.3346176536486, 12.5216517176981, 12.7115218438046,
12.9042710361558, 13.0999429510266, 13.2985819066672,
13.5002328933408, 13.7049415835133, 13.912754342198,
14.123718237457, 14.3378810510615, 14.5552912893145,
14.7759981940364, 15.0000517537186, 15.2275027148452,
15.4584025933866, 15.6928036864679, 15.9307590842133,
16.172322681771, 16.41754919152, 16.6664941554617,
16.9192139578004, 17.1757658377134, 17.4362079023152,
17.7005991398189, 17.9689994328958, 18.2414695722393,
18.5180712703327, 18.798867175427, 19.0839208857305,
19.3732969638128, 19.6670609512282, 19.9652793833602,
20.268019804491, 20.5753507831006, 20.887341927396,
21.2040639010777, 21.5255884393443, 21.8519883651399,
22.183337605648, 22.5197112090357, 22.8611853614511,
23.2078374042793, 23.5597458516594, 23.9169904082676,
24.2796519873696, 24.6478127291469, 25.0215560193007,
25.4009665079386, 25.7861301287469, 26.1771341184541,
26.5740670365892, 26.9770187855401, 27.3860806309154,
27.8013452222157, 28.222906613818, 28.6508602862783,
29.0853031679572, 29.5263336569733, 29.9740516434901,
30.4285585323399, 30.8899572659917, 31.3583523478664,
31.8338498660067, 32.3165575171044, 32.8065846308939,
33.3040421949138, 33.8090428796451, 34.3217010640303,
34.8421328613791, 35.3704561456674, 35.9067905782352,
36.4512576348882, 37.003980633412, 37.5650847615023,
38.1346971051188, 38.7129466772697, 39.299964447232,
39.8958833702149, 40.5008384174733, 41.1149666068779,
41.7384070339486, 42.3713009033588, 43.0137915609169,
43.6660245260333, 44.3281475246797, 45.0003105228473,
45.6826657605137, 46.3753677861235, 47.0785734915929,
47.7924421478445, 48.5171354408805, 49.2528175084041,
49.9996549769949, 50.7578169998489, 51.5274752950905,
52.3088041846651, 53.101980633822, 53.9071842911956,
54.7245975294946, 55.554405486808, 56.3967961085375,
57.2519601899658, 58.1200914194704, 59.0013864223923,
59.8960448055707, 60.8042692025519, 61.7262653194847,
62.6622419817112, 63.6124111810643, 64.5769881238822,
65.5561912797509, 66.5502424309865, 67.5593667228665,
68.5837927146241, 69.6237524312151, 70.6794814158696,
71.7512187834411, 72.8392072745643, 73.9436933106334,
75.0649270496159, 76.2031624427104, 77.3586572918652,
78.5316733081689, 79.7224761711252, 80.9313355888281,
82.1585253590483, 83.4043234312465, 84.6690119695275,
85.9528774165471, 87.2562105583906, 88.5793065904326,
89.922465184197, 91.2859905552309, 92.6701915320062,
94.075381625868, 95.5018791020416, 96.950007051718,
98.4200934652316, 99.9124713063471, 101.427478587674,
102.965458447223, 104.526759226125, 106.111734547529,
107.720743396693, 109.354150202291, 111.012324918956,
112.695643111072, 114.404486037833, 116.139240739599,
117.900300125556, 119.688063062709, 121.502934466219,
123.345325391116, 125.2156531254, 127.114341284553,
129.041819907484, 130.998525553929, 132.984901403334,
135.001397355224, 137.048470131107, 139.126583377917,
141.236207773028, 143.377821130854, 145.551908511077,
147.758962328504, 149.9994824646, 152.273976380703,
154.582959232963, 156.926953989022, 159.306491546458,
161.722110853036, 164.174359028768, 166.663791489838,
169.190972074396, 171.756473170265, 174.360875844583,
177.004769975407, 179.688754385322, 182.413436977063,
185.179434871207, 187.987374545941, 190.837891978959,
193.731632791501, 196.669252394588, 199.651416137464,
202.67879945829, 205.752088037134, 208.871977951263,
212.039175832807, 215.254399028801, 218.51837576366,
221.83184530412, 225.19555812667, 228.610276087536,
232.076772595232, 235.595832785731, 239.168253700295,
242.794844465998, 246.476426478985, 250.213833590517,
254.007912295826, 257.859521925848, 261.769534841846,
265.738836632999, 269.768326316983, 273.858916543586,
278.011533801422, 282.22711862777, 286.5066258216,
290.851024659831, 295.261299116859, 299.738448087426,
304.283485612858, 308.89744111074, 313.581359608072,
318.336301977958, 323.163345179886, 328.063582503656,
333.038123816994, 338.088095816936, 343.214642285014,
348.418924346314, 353.70212073246, 359.065428048594,
364.510061044392, 370.037252889201, 375.648255451336,
381.344339581629, 387.126795401258, 392.996932593954,
398.956080702635, 405.005589430537, 411.146828946912,
417.381190197361, 423.710085218874, 430.134947459644,
436.657232103733, 443.278416400663, 450)
numPred <- 300
n_shards <- 34
dat_time <- 
c(5, 5, 8, 10, 10, 10, 14, 15, 15, 16, 27, 28, 28,
28, 42, 42, 43, 43, 51, 51, 56, 56, 57, 70, 70, 77, 79, 99, 151,
151, 174, 273, 273, 296)
dat_t0 <- 
c(1, 1, 1, 1, 1, 1, 1, 1, 1, 1, 1, 1, 1, 1, 1, 1, 1,
1, 1, 1, 1, 1, 1, 1, 1, 1, 1, 1, 1, 1, 1, 1, 1, 1)
