numOnt <- 156
time_ont <- 
c(5, 5, 8, 10, 10, 10, 14, 15, 15, 16, 27, 28, 28, 28, 42,
42, 43, 43, 51, 51, 56, 56, 57, 66, 70, 70, 75, 77, 78, 79, 87, 90, 90,
90, 91, 92, 98, 98, 99, 101, 102, 102, 112, 112, 112, 112, 112, 112,
116, 116, 118, 119, 119, 119, 119, 119, 122, 133, 133, 137, 137, 137,
140, 140, 140, 140, 149, 151, 151, 155, 158, 163, 169, 170, 170, 170,
170, 170, 170, 170, 170, 170, 170, 174, 174, 177, 189, 189, 189, 189,
189, 192, 199, 200, 202, 207, 213, 217, 217, 217, 217, 218, 235, 241,
255, 260, 266, 266, 273, 273, 282, 296, 302, 302, 304, 304, 304, 304,
304, 304, 305, 312, 318, 318, 318, 318, 318, 318, 319, 326, 326, 326,
326, 326, 327, 327, 327, 330, 330, 337, 338, 340, 340, 341, 341, 347,
357, 357, 357, 357, 364, 382, 434, 434, 434, 442)
total_ki <- 
c(0.582, 0.994, 0.779, 0.381, 0.374, 0.301, 0.584, 0.294,
0.263, 0.671, 0.293, 0.345, 0.351, 0.406, 0.218, 0.273, 0.176, 0.185,
0.262, 0.255, 0.153, 0.146, 0.0874, 0.0848113684582837, 0.143, 0.17,
0.0695795248009613, 0.112, 0.0401329003495937, 0.0351,
0.0285194030912419, 0.0171509645783995, 0.0241400792250327,
0.0279238562993097, 0.0617861863511221, 0.04246641448822,
0.0299966954937741, 0.0357198668769735, 0.0973, 0.034322250547552,
0.0353119556767376, 0.0273116243944566, 0.0216248155600268,
0.0188503900156006, 0.0156755048287972, 0.0186858671171171,
0.0292449055184757, 0.0222326175669359, 0.0327583370542142,
0.045216670963023, 0.0439967837203091, 0.00801485507246377,
0.00975500538213132, 0.00855743034055728, 0.0108676314235086,
0.00967826086956522, 0.0245482261476704, 0.0179756252147107,
0.0256688616561571, 0.042807228890131, 0.0412112434994626,
0.0388584483441346, 0.021978432642487, 0.0158313817330211,
0.0127375692876206, 0.0153156805957799, 0.022150034110703, 0.058,
0.0587, 0.0225942375205157, 0.0294474008959005, 0.0406634307208488,
0.0198099991736167, 0.0238624627426946, 0.0314371784794963,
0.027032012046046, 0.0253684174956215, 0.0247554526000547,
0.0180139422787557, 0.0237914312490825, 0.0253164924098514,
0.0246210249422647, 0.0246089931027806, 0.0336755635574161, 0.0445,
0.0199713834277194, 0.0154634596695821, 0.0104759755164499,
0.0105157602663707, 0.0146981286549708, 0.0117003919007185,
0.0181733203855118, 0.0232776695592942, 0.0357119260806399,
0.0348598408506457, 0.0200393248778072, 0.0229827582489978,
0.0177669064748201, 0.017828396651642, 0.0157587492103601,
0.0144514518002323, 0.0385404188853803, 0.0198805311611908,
0.0334089918811004, 0.0677672266060457, 0.0244708159324423,
0.0294698148627985, 0.027601935474075, 0.0443, 0.0411,
0.0486883387732681, 0.0448, 0.0303352432090664, 0.0221581571671337,
0.0178964653751379, 0.0219284552969534, 0.0228532955891258,
0.0250746823739444, 0.0229043776590799, 0.0200030986602036,
0.034729494157127, 0.0206470393085033, 0.0235317557710101,
0.0182109381383928, 0.0219467120992418, 0.0218572628790407,
0.0325188114063094, 0.0219470409726652, 0.0269926314840076,
0.0222229130356029, 0.0164623042163896, 0.020443378657874,
0.0238383682074496, 0.0226550668698867, 0.0207234845866784,
0.0241061668695397, 0.0250714109375117, 0.0211790969575848,
0.0174912938347816, 0.0221805921680673, 0.022523404458686,
0.0195628067894077, 0.0220738229371946, 0.0281180280145103,
0.0248718070669159, 0.0465352728240658, 0.0429482138267797,
0.0419265679781846, 0.0688614950634697, 0.0377605086013463,
0.0286073018352206, 0.0263488936906307, 0.0294458071439522,
0.0326636103151862, 0.0386028320971005, 0.029930087050526)
numChi <- 122
time_chi <- 
c(119, 119, 119, 119, 119, 189, 189, 189, 189, 189, 112,
112, 112, 112, 217, 217, 217, 217, 140, 140, 140, 140, 364, 357, 357,
357, 357, 434, 434, 434, 218, 163, 118, 260, 213, 199, 158, 302, 255,
241, 200, 202, 174, 122, 235, 207, 177, 155, 305, 302, 282, 90, 90, 90,
98, 98, 102, 116, 112, 112, 304, 304, 327, 327, 326, 326, 326, 326,
304, 304, 304, 304, 312, 326, 318, 340, 318, 341, 341, 340, 327, 337,
338, 318, 318, 318, 318, 170, 170, 170, 170, 170, 170, 170, 169, 170,
170, 170, 137, 137, 137, 133, 133, 149, 347, 319, 266, 266, 91, 75, 66,
102, 87, 78, 116, 101, 92, 442, 382, 330, 330, 192)
tb_chi <- 
c(63, 63, 63, 63, 63, 63, 63, 63, 63, 63, 56, 56, 56, 56,
77, 77, 77, 77, 77, 77, 77, 77, 77, 105, 105, 105, 105, 63, 63, 63,
162, 107, 62, 162, 115, 101, 60, 162, 115, 101, 60, 146, 118, 66, 146,
118, 88, 66, 81, 78, 58, 79, 79, 79, 72, 72, 76, 76, 72, 72, 58, 58,
81, 81, 80, 80, 80, 80, 58, 58, 58, 58, 66, 66, 58, 80, 58, 81, 81, 80,
67, 77, 78, 58, 58, 58, 58, 75, 75, 75, 75, 75, 75, 75, 74, 75, 75, 75,
76, 76, 76, 51, 51, 67, 146, 118, 65, 65, 70, 54, 45, 69, 54, 45, 69,
54, 45, 178, 118, 66, 66, 40)
N_donor_fraction <- 
c(0.354094072097525, 0.411480408121958,
0.326561771067475, 0.352667496413805, 0.305331541218638,
0.769196850066921, 0.669954198153253, 0.551904341804453,
0.680994152046784, 0.641804532806027, 0.437666286790299,
0.36068909749055, 0.420296074156646, 0.413810429281741,
0.640123329907503, 0.702199489367903, 0.637789673172191,
0.703844685217889, 0.40205016814121, 0.377924521058087,
0.338358831546999, 0.338436540574362, 0.84762760082557,
0.839518986396396, 0.890327268421977, 0.833994198578918,
0.803717277486911, 0.871307000590764, 0.869706072649968,
0.800674308833446, 0.420599422926604, 0.459590162339601,
0.537534822883422, 0.53541565524069, 0.606228390658631,
0.646385003301091, 0.712058790854741, 0.615209134230865,
0.83590146802557, 0.739603372731384, 0.773235552452988,
0.458168208407168, 0.370964711919991, 0.342717431248788,
0.773161678708119, 0.498952963737007, 0.573727145894504,
0.575704180047509, 0.817739880055148, 0.000579556104406023,
1136.40161203685, 1.76749891103016, 0.000125341793233217,
0.301674177405837, 0.0216402525391882, 0.000170581502456605,
0.0306565804424735, 0.251220175315426, 0.205547593947343,
0.196346386761971, 0.848548853504645, 0.695656763197239,
0.899867895409454, 0.957987155586294, 0.855924413126949,
0.792973762497165, 0.85227002075336, 0.898100109531678,
0.834363113451548, 0.904041021258074, 0.930370040694948,
0.785317545129676, 0.771398203761817, 1.02258594831559,
0.775113394586619, 0.764150122527264, 0.996514871771288,
0.910603298969756, 0.74430000487488, 1.06937533966042,
0.943908313823827, 0.752672446942295, 0.878489357334606,
1.268129443847, 0.767304286062458, 0.567757538846531, 0.74593936204595,
0.629409591013204, 0.771919664538158, 0.770187175987347,
0.517402597228871, 0.560311130210538, 0.623815484396091,
0.604974984103508, 0.612282087868325, 0.849093264587111,
0.946352921379537, 0.70918539663251, 0.250245640760251,
0.39196019561756, 0.527056412942259, 0.657902838434506,
0.489256365341763, 0.438844288509513, 1.55379170005373,
0.819308044399017, 3.21740115086386, 4.41531313367297,
0.00404607661959903, 0.000554009416835065, 0.0023931483442732,
0.172094369475871, 0.218008262653363, 0.232176540927524,
0.329786739128758, 0.351109206360408, 0.357966951196329,
1.09191078036738, 1.00463955865886, 0.65808798248759, 0.95248160025912,
0.783343105271496)
