numChi <- 122
chi_counts <- 
c(19059654.4187726, 20964068.6784802,
17930832.1624507, 16822948.5524514, 15767341.2818182,
14236267.6568807, 14441456.9240545, 21045554.1440453,
21258499.8361674, 14167605.4768378, 14394771.5555556,
22377465.5847981, 18222037.4890966, 18476248.1176442, 14910000,
12820000, 11390000, 17760000, 16052987.3948718, 11858412.5920023,
14221504.0099379, 22785884.6396512, 14732833.4143067, 16560000,
18580000, 19380000, 16930000, 16560000, 14901176.1746362,
18039263.8947368, 13689778.3691599, 21788491.4633229,
22626684.9725275, 24994405.430622, 15440000, 34160000, 9742000,
24170000, 12570080.4023715, 12243408.0778616, 20769404.7372678,
13882463.6976607, 12453266.7573278, 19925191.8204574,
21954856.348247, 12906318.6642304, 14773619.3695271,
16603805.4908939, 23254189.9261006, 17458314.0685388,
14169684.5421097, 16606465.8937357, 13397964.5304364,
11803330.0512704, 10862813.5179365, 10290000, 13070000, 9010000,
8550000, 15310000, 14885821.9655172, 17544249.1645445,
25555251.4581824, 15776165.5752212, 9394719.86797385,
15361652.2466382, 44449821.4759798, 12510000, 15530000, 15830000,
17220000, 19157665.1826923, 11786786.4798066, 8090329.15463042,
31066008.5718082, 10330848.2650602, 13943184.5651335,
12244075.0553596, 11753512.8431682, 11637894.5116941,
8606302.20798501, 10096610.5, 16469929.7003058, 14210118.9018171,
16029546.4844546, 16926637.2583778, 14032521.905308,
13970536.6880557, 17352062.1266968, 21268441.3146896,
15770933.9138516, 18090948.5735294, 16038002.0756241,
18670251.2393224, 13011255.6381316, 8612988.12601776,
9951575.24661983, 11017247.7521315, 15545305.8951253,
19181545.4080196, 15349684.3552448, 11506841.3178944,
21378082.492823, 13382052.4231465, 12655208.7659462,
19408349.6239937, 17810455.5994652, 18465687.2073101,
21150676.9213984, 16361921.2228279, 15487054.1381628,
8128082.68088621, 7782000, 12835000, 7090000, 13370000, 5122000,
12416146.1525781, 6523000, 10819000, 2966000, 6095733.1049573)
N_donor_fraction <- 
c(0.0021770296562031, 0.000693872043802126,
0.202630698531613, 0.207828692376084, 0.701292160703158,
0.200976654462227, 0.209390009589253, 0.00206176311790798,
0.346410695384628, 0.0286190816205937, 0.796627997867433,
0.368015919557157, 0.0254387017414664, 0.16641851957211,
0.407508017916495, 0.340914196567863, 0.422154225958153,
0.399836492671161, 0.200722257863934, 0.175109631950363,
0.243566152305367, 0.292077204488318, 0.548545479556288,
0.352224341045851, 0.402419180709425, 0.316987011322538,
0.323245824408087, 0.280837620511534, 0.318892610199395,
0.506202736408513, 0.548610783673287, 0.349671184832004,
0.457151094504896, 0.476846944295318, 0.391236654427041,
0.365986589895434, 0.325621022377335, 0.327167214685452,
0.535261881341463, 0.583548657064028, 0.698843638900449,
0.460155360525086, 0.597473436165959, 0.646286299789224,
0.668588665877607, 0.743362456743468, 0.606498028364706,
0.637199952995947, 0.597483099589945, 0.600550428270311,
0.733744323778328, 0.666731033686286, 0.669066274810555,
0.338522844032988, 0.561502608095049, 0.682537907530918,
0.624703238219542, 0.552054670212692, 0.669822914092744,
0.615957088850623, 0.770665440266664, 0.70192100133944,
0.630702623434374, 0.766541854110391, 0.466260535964404,
0.4933782167932, 0.59902480401157, 0.618894901530782,
0.69338454376919, 0.635688459545593, 0.70268665915291,
0.42142125781185, 0.734829363525503, 0.806886228218388,
0.538323735838473, 0.669814225645617, 0.699539441928228,
0.69506609860424, 0.819536061831829, 0.607595237889678,
0.844457074584859, 0.931743255355927, 0.811513230393712,
0.847536112438208, 0.858312259175878, 0.77379831174125,
0.813669381968973, 0.819027949500447, 0.795913761080519,
0.85968868979642, 0.826014135880675, 0.897587883817646,
0.930794843501246, 0.890819479376728, 0.751924759638319,
0.837935212430437, 0.781277906038096, 0.793699542558356,
0.844575429462824, 0.82637676213195, 0.829877803603659,
0.872314094990209, 0.788179621944698, 0.907458444241491,
0.949159023239737, 0.828832309030152, 0.777749771127661,
0.818462965661727, 0.947183469849383, 0.886281429464436,
0.77689659729904, 0.946263060062151, 0.807251126773482,
0.875914628840544, 0.838712353770846, 0.76870411103194,
0.789486932080379, 0.792877803844403, 0.853635883974497,
0.853528364601477, 0.726130455294312, 0.828266814034275)
donor_ki <- 
c(0.0178317518248175, 0.0194665749656121, 0.020736,
0.0260661478599222, 0.0248048275862069, 0.0192259484066768,
0.0136318120805369, 0.0141629955947137, 0.018136496350365,
0.0149971111111111, 0.0409529411764706, 0.0381316804407714,
0.0309037209302326, 0.0370772925764192, 0.0235807976366322,
0.0229203, 0.0207109447004608, 0.018272, 0.0465957746478873,
0.0323482293423272, 0.0296439973172368, 0.0332050331125828,
0.0268010840108401, 0.0452281618887015, 0.0429570898980538,
0.0698509090909091, 0.0386685714285714, 0.0306928971962617,
0.0331986577181208, 0.0365189489641233, 0.0797700931912212,
0.077454316622045, 0.0720956760436582, 0.0343925309208219,
0.0315825902959464, 0.0316597496788859, 0.03667426595851,
0.03921695648881, 0.0677896043360674, 0.0396158162434752,
0.040443516560589, 0.0568753423549202, 0.0706819656104109,
0.051713311144957, 0.0297742915054602, 0.0274295361011954,
0.030573538082085, 0.0370655816049491, 0.0515188945652145,
0.0892797423132108, 0.146905291298446, 0.149840256591111,
0.363523971931476, 0.241452510372777, 0.404466009453936,
0.105440172711414, 0.100577226626999, 0.076559399619213,
0.018175588702702, 0.0225526620481721, 0.0210981510665931,
0.0251951779559242, 0.0234284411473733, 0.0178706576600777,
0.0221232738084767, 0.0258249776675364, 0.0236265024777597,
0.0267226099137191, 0.0242271479832934, 0.0210633570494635,
0.0217702165326615, 0.0236837741029452, 0.0244063327974798,
0.0200481153415422, 0.0187549437858808, 0.0291438050543391,
0.025904703294561, 0.0229327643022683, 0.0275916674140983,
0.0223873097881401, 0.0239571737436517, 0.0209147678693793,
0.0216768655054109, 0.0305343862207865, 0.0224799309253988,
0.0304878723548895, 0.0414670651792557, 0.0328633578306035,
0.0359151043902969, 0.0341757803814614, 0.0260370478204885,
0.0334344093273949, 0.0262109172994159, 0.029241656719853,
0.033200216430781, 0.0319289604435268, 0.0823550023688671,
0.0704821324244019, 0.0661655875418367, 0.0279774250026187,
0.0371910137255776, 0.033110898553199, 0.0478407241086559,
0.0296743838644811, 0.0319228610570188, 0.0306534049902361,
0.386139769695311, 0.426993809708629, 0.603117808020937,
0.127417804269286, 0.100323761775306, 0.166746374136909,
0.122957124329832, 0.0809427970616113, 0.0995354764697133,
0.0304932501727854, 0.0267276702288145, 0.0202114269555272,
0.0176842153015352, 0.0201372798173228, 0.0259847738556246,
0.0267182594322607)
