numObs <- 300
data_time <- 
c(5, 6, 7, 8, 9, 10, 11, 12, 13, 14, 15, 16, 17, 18, 19, 20, 21,
22, 23, 24, 25, 26, 27, 28, 29, 30, 31, 32, 33, 34, 35, 36, 37, 38, 39, 40,
41, 42, 43, 44, 45, 46, 47, 48, 49, 50, 51, 52, 53, 54, 55, 56, 57, 58, 59,
60, 61, 62, 63, 64, 65, 66, 67, 68, 69, 70, 71, 72, 73, 74, 75, 76, 77, 78,
79, 80, 81, 82, 83, 84, 85, 86, 87, 88, 89, 90, 91, 92, 93, 94, 95, 96, 97,
98, 99, 100, 101, 102, 103, 104, 105, 106, 107, 108, 109, 110, 111, 112, 113,
114, 115, 116, 117, 118, 119, 120, 121, 122, 123, 124, 125, 126, 127, 128,
129, 130, 131, 132, 133, 134, 135, 136, 137, 138, 139, 140, 141, 142, 143,
144, 145, 146, 147, 148, 149, 150, 151, 152, 153, 154, 155, 156, 157, 158,
159, 160, 161, 162, 163, 164, 165, 166, 167, 168, 169, 170, 171, 172, 173,
174, 175, 176, 177, 178, 179, 180, 181, 182, 183, 184, 185, 186, 187, 188,
189, 190, 191, 192, 193, 194, 195, 196, 197, 198, 199, 200, 201, 202, 203,
204, 205, 206, 207, 208, 209, 210, 211, 212, 213, 214, 215, 216, 217, 218,
219, 220, 221, 222, 223, 224, 225, 226, 227, 228, 229, 230, 231, 232, 233,
234, 235, 236, 237, 238, 239, 240, 241, 242, 243, 244, 245, 246, 247, 248,
249, 250, 251, 252, 253, 254, 255, 256, 257, 258, 259, 260, 261, 262, 263,
264, 265, 266, 267, 268, 269, 270, 271, 272, 273, 274, 275, 276, 277, 278,
279, 280, 281, 282, 283, 284, 285, 286, 287, 288, 289, 290, 291, 292, 293,
294, 295, 296, 297, 298, 299, 300, 301, 302, 303, 304)
counts <- 
c(96149.2938140562, 111175.150927423, 103963.928614336,
114571.93108765, 127654.05275259, 121931.22093186, 122756.591914357,
114949.856115358, 120964.21058492, 133112.860645896, 126605.586817656,
111929.175877227, 125252.212215338, 142805.860851607, 146417.996231519,
150426.8542014, 144592.845999937, 139163.103325112, 148417.679658099,
152792.212823272, 158661.211764907, 180952.559002551, 181563.885250664,
207713.830404876, 197177.922802498, 204161.22486403, 214458.202171356,
214861.887248101, 222153.470985995, 228480.826980497, 244269.944793028,
235710.082577805, 260971.581148772, 266014.559057407, 268872.692566504,
282721.924443465, 294080.701076892, 293109.12959194, 287631.720205641,
296843.837512195, 303713.958222204, 326690.401855021, 315408.92513029,
322285.310809355, 320965.647506702, 324964.090435986, 318354.463002523,
326369.437524308, 332298.936036714, 344781.080994583, 332067.87376363,
335913.05985478, 330936.18386455, 341140.228274473, 338452.435682028,
337926.771934743, 341723.4879832, 334138.097427839, 333895.724361731,
343500.146476091, 344872.960041466, 360919.036663593, 329660.150773193,
327166.313148536, 351881.067276152, 333204.642689884, 336424.425327745,
343463.125780313, 342452.471323519, 342149.483814611, 328166.087201396,
322541.543131972, 313607.605858087, 334011.954895095, 323551.556215706,
327597.920023468, 334373.950779146, 340878.669964112, 328195.87099678,
323243.596128472, 315544.512050224, 326061.636680389, 317854.571517822,
305817.630312332, 284413.783131495, 298486.295437795, 314957.539705535,
312522.485432265, 320765.682462086, 296568.841514794, 287140.308585472,
299958.938284005, 300883.493546345, 294435.471405723, 294713.537139796,
284225.510851387, 293428.653511583, 296275.133454695, 263450.935168063,
291860.498169033, 274179.203921105, 265566.272862395, 286274.218698634,
270544.221635105, 268881.096726707, 261129.979060511, 268170.305484778,
269059.899213049, 263447.397413046, 261699.603181716, 264299.114927847,
259828.317698913, 246500.510813975, 252081.649052107, 263269.01243164,
251033.100338316, 245438.841635452, 251158.120247849, 241468.956952642,
262453.458061268, 249040.792670725, 255787.511292412, 242275.546585848,
244791.118013927, 250219.207094022, 239401.664712737, 240312.830208096,
219953.77689835, 238705.611755034, 251804.118348295, 245177.784148663,
214055.901894832, 221989.961278112, 218737.306090713, 203067.18560908,
240755.24219595, 217984.06856271, 212429.955137031, 234405.963383679,
225419.98635356, 221379.323527771, 215850.262978912, 222438.338767818,
229844.070156511, 210626.885199466, 199390.362837826, 201324.0519809,
208259.43120662, 201867.879161559, 218888.703293651, 203529.560196696,
194845.912943274, 203045.771836006, 200194.932853585, 200621.075594498,
207415.007126752, 199775.789060314, 193591.117660885, 207392.867623103,
183995.080461515, 195644.538303601, 207470.305085124, 204035.842406651,
201560.968998372, 196563.32977854, 190151.585813377, 184366.139768186,
211801.860197619, 187029.870456092, 200031.944610543, 178396.59334141,
200409.465318269, 194545.780371717, 197664.142453351, 196367.331216728,
184005.720231034, 193910.607343292, 176648.545970041, 195086.4048655,
188650.714109754, 200928.17448795, 186527.561342269, 182158.129369547,
179391.985380972, 194690.970657407, 181606.460581293, 171001.678480613,
175200.682686765, 193111.655843931, 171246.880879068, 184131.171954922,
176248.522662341, 178040.368219282, 163686.765081009, 180009.195840874,
173568.456482813, 177672.58339438, 188376.265023223, 159988.813265116,
194290.458769776, 192861.486359566, 172327.431952246, 174005.684274208,
174926.972483085, 179966.639831206, 187110.061397931, 163423.610636732,
179827.574554778, 165044.936882729, 167979.721613261, 171567.782335263,
175184.861355961, 167989.066237681, 163496.930553071, 160854.874732564,
144415.945099153, 168020.678131342, 167317.606559231, 173277.558224305,
170463.60979177, 176551.833236125, 183808.498282823, 141738.636892698,
161140.206287954, 163446.100501785, 163143.986881071, 168587.428838895,
192084.973465047, 165079.418447685, 176554.623814853, 162359.746034773,
173233.913229459, 188366.208979998, 164348.890309511, 193446.544188772,
150479.224519393, 165068.10369536, 146311.71263811, 161682.017845547,
160496.277473671, 157166.093961559, 161633.509932991, 164007.894485559,
169891.122911139, 184577.877230804, 167850.676165081, 163496.703397019,
169572.316985851, 171774.038790718, 146648.826612777, 165897.532827938,
152430.768539, 168604.603721381, 162407.255055771, 157328.510660405,
145215.276877461, 164667.179688637, 160956.95952397, 165709.58608537,
159786.926877214, 159088.342030301, 156007.010274878, 156198.182245688,
148855.516296869, 160886.883957165, 157269.693189785, 153339.366126259,
157995.143317241, 154285.348140911, 175985.1029839, 143190.849007198,
163885.905360042, 145126.091351816, 147301.477690712, 159352.704138695,
158306.296426018, 160054.904976093, 154182.148278726, 147113.911050188,
148105.33286751, 138866.96711054, 130681.832664542, 165136.143860107,
167026.229013132, 133976.953214616, 164748.883163848, 152566.96790247,
158471.473876821, 157177.733613637, 154171.075718048, 147293.807820044,
162689.121808557, 147629.228743958, 143323.525867361, 173143.044107937,
140633.182416628, 154150.677021991, 156162.811859893, 153060.882854335,
145886.532713914)
